1113111
1111111
1111111
1121211
1111111
1111111
1111111
1111211
1111111
1211111
1211111
1211111
1211111
1111111
1221111
2121211
1211111
2312211
1211111
2222111
3223111
1112111
1321211
2312111
3212111
3212111
4323211
1211111
2333311
1211111
2232211
3323111
4332211
4223211
3323211
3332311
4333311
1312211
4332311
4332311
3323311
2333311
1111111
1111111
1111111
1111111
1111111
1111111
2131311
4113111
1212111
1111111
1111111
2121211
1211111
1111111
1211111
1212111
1111111
2111111
1312211
1112111
2212111
3233311
2321211
1322211
3112111
3313111
2313211
2233311
2223211
2313211
2313111
3223211
3322111
2322211
1312111
2323211
3313111
3213211
3313111
2322211
4323211
1111111
3111111
1111111
1111211
1111111
1111111
1132211
1211111
1211111
1111111
1222211
1211111
1221211
2121211
1211111
1211111
2311211
1222211
1322211
3122211
2321211
2222211
2211111
3333311
3232211
2212211
3212111
2322211
1222211
2323211
3312111
3223211
2312211
3313211
4333311
3313211
2313211
4323211
3333311
3333311
1323211
3333211
1111111
1111111
1111111
1111111
1211111
1211211
4233211
1121111
1111111
1111111
1221311
2211111
1211111
1111211
1211211
1221211
1221211
2321211
1331311
1322211
2322211
2231211
2311111
1211111
3313211
2222211
2212211
2223211
2223211
1223211
2323211
2222211
3212111
3333311
1212111
3323211
3233311
1323211
3313311
3333311
4233311
3323211
1223311
1111111
1111111
1111111
1111111
1221111
1111111
1111111
1221211
2111111
1121111
1111111
1211211
1111111
2221211
1211111
2222211
3133311
2313111
3323211
2313111
2222111
2313111
1213111
1312111
4222211
3223211
3322211
2313111
1222211
2323211
3333311
1313111
3213111
1222211
2323211
3313111
4333311
3312111
2333311
3313111
4323311
2323211
3312111
3333311
3323211
4333311
3223211
4333311
3323211
3333311
4333311
4323311
1323311
1322211
1323211
1221111
3322211
3322211
4333211
1312211
4323311
2333311
1323211
1111111
1111111
1111111
3121211
1211111
1111111
1211111
1211111
1212211
1211111
1211211
2331111
2332311
2321211
1232211
2212111
2222211
2212111
1222211
1323211
1332311
2313111
3323211
1222211
3323211
2332311
3323211
4323211
3323211
2323211
3322211
3313211
1333211
1233311
3312211
